0 100 1762.59 0.0320222 0 calib_shutter_closed_???.img
1 100 1762.59 0.0326269 1.179 calib_000001_ns???.img
2 100 1763.06 0.0325877 1.995 calib_000002_ns???.img
3 100 1762.92 0.0338972 5.918 calib_000005_ns???.img
4 100 1762.62 0.0341918 10.947 calib_000010_ns???.img
5 100 1764 0.0341693 10.947 calib_000010_ns2_???.img
6 100 1762.65 0.035838 49.1 calib_000050_ns???.img
7 100 1764.21 0.0385957 98.526 calib_000100_ns???.img
8 100 1765.41 0.0429341 191.025 calib_000200_ns???.img
9 100 1768.24 0.0546941 507.852 calib_000500_ns???.img
10 100 1773.69 0.069334 1003.03 calib_001000_ns???.img
11 100 1783.52 0.0910171 1990.01 calib_002000_ns???.img
12 100 1816.5 0.14065 5076.38 calib_005000_ns???.img
13 100 1871.53 0.197302 9919.12 calib_010000_ns???.img
14 100 1976.46 0.276206 19816.2 calib_020000_ns???.img
15 100 2311.07 0.4436 48585.7 calib_050000_ns???.img
16 100 2815.1 0.619147 97750 calib_100000_ns???.img
17 100 3887.97 0.898125 197579 calib_200000_ns???.img
18 100 7305.18 1.51185 499607 calib_500000_ns???.img
19 100 12851.6 2.26686 1.00124e+06 calib_1000000_ns???.img
