# Box Lineout /Volumes/groups/Groupes_recherches/PHYHDEL/Experiments/14-NS-F06_decaying_shock/SOP/slit_closed_TCC_before_shot_61.img
# Horizontal : 186
561 1773.62
562 1772.39
563 1770.92
564 1770.68
565 1768.39
566 1766.89
567 1770.93
568 1769.84
569 1770.87
570 1769.93
571 1771.67
572 1770.17
573 1769.1
574 1767.16
575 1767.94
576 1767.46
577 1768.85
578 1768.22
579 1770.3
580 1770.25
581 1769.31
582 1769.06
583 1767.39
584 1766.78
585 1769.23
586 1769.49
587 1768.83
588 1769.75
589 1769.69
590 1769.52
591 1770.59
592 1770.13
593 1769.62
594 1770.13
595 1769.82
596 1770.34
597 1771.83
598 1770
599 1770.75
600 1772.19
601 1771.87
602 1770.93
603 1770.59
604 1770.71
605 1768.62
606 1768.09
607 1767.97
608 1767.58
609 1766.95
610 1767.68
611 1769.46
612 1767.96
613 1768.06
614 1767.44
615 1766.92
616 1768.17
617 1767.6
618 1767.37
619 1770.85
620 1769.78
621 1770.62
622 1769.81
623 1769.28
624 1769.45
625 1768.39
626 1769.67
627 1768.42
628 1768.76
629 1770.58
630 1770.96
631 1770.54
632 1770.98
633 1768.97
634 1767.03
635 1768.28
636 1770.21
637 1770.38
638 1771.06
639 1769.71
640 1769.7
641 1770.66
642 1773.06
643 1772.56
644 1774.23
645 1772.67
646 1772.18
647 1771.16
648 1773.09
649 1771.45
650 1771.49
651 1771.56
652 1772.19
653 1773.23
654 1774.55
655 1774.59
656 1776.15
657 1772.88
658 1771.23
659 1770.12
660 1767.65
661 1769.84
662 1769.07
663 1768.97
664 1769.32
665 1770.33
666 1767.83
667 1768.96
668 1767.55
669 1769.93
670 1770.14
671 1769.07
672 1769.42
673 1767.76
674 1767.3
675 1769.02
676 1766.14
677 1768
678 1769.43
679 1769.9
680 1772.65
681 1771.82
682 1771.38
683 1772.32
684 1770.6
685 1769.66
686 1768.61
687 1766.56
688 1768.61
689 1768.83
690 1768.06
691 1769.74
692 1769.18
693 1767.88
694 1770.36
695 1769.87
696 1769.61
697 1770.99
698 1770.81
699 1771.01
700 1768.25
701 1769.82
702 1769.77
703 1771.31
704 1772.37
705 1770.58
706 1768.47
707 1767.51
708 1769.06
709 1768.49
710 1767.92
711 1766.77
712 1767.09
713 1768.75
714 1769.11
715 1768.24
716 1769.91
717 1768.64
718 1768.75
719 1769.71
720 1770.69
721 1771.11
722 1769.53
723 1769.42
724 1769.76
725 1770.09
726 1771.3
727 1770.11
728 1769.79
729 1770.66
730 1769.69
731 1770.55
732 1771.91
733 1771.74
734 1772.84
735 1771.09
736 1768.47
737 1766.75
738 1767.24
739 1768.41
740 1768.31
741 1768.96
742 1767.79
743 1768.14
744 1769.33
745 1769.03
746 1769.16


# Vertical : 1024
0 1759.08
1 1766.97
2 1756.02
3 1752.54
4 1756.06
5 1751.58
6 1755.18
7 1759.09
8 1758.52
9 1754.64
10 1755.19
11 1758.1
12 1753.32
13 1757.08
14 1765.91
15 1759.26
16 1765.27
17 1763.77
18 1762.87
19 1766.5
20 1763.53
21 1759.3
22 1763.92
23 1762.07
24 1764.68
25 1761.96
26 1761.32
27 1758.69
28 1753.48
29 1756.64
30 1756.69
31 1762.85
32 1754.03
33 1762.98
34 1760.29
35 1763.67
36 1753.3
37 1759.03
38 1756.8
39 1762.03
40 1759.34
41 1761.23
42 1758.48
43 1762.44
44 1759.85
45 1758.34
46 1761.83
47 1766.98
48 1767.26
49 1767.15
50 1760.03
51 1763.6
52 1759.09
53 1757.11
54 1758.82
55 1749.6
56 1758.66
57 1761.36
58 1758.06
59 1767.85
60 1769.65
61 1762.8
62 1761.89
63 1762.3
64 1771.09
65 1763.9
66 1769.13
67 1768.96
68 1765.85
69 1762.84
70 1768.76
71 1762.43
72 1758.91
73 1761.02
74 1761.41
75 1763.07
76 1763.36
77 1761.16
78 1760.16
79 1760.59
80 1763.69
81 1762.18
82 1763.48
83 1755.04
84 1761.7
85 1760.75
86 1758.67
87 1765.34
88 1768.18
89 1765.31
90 1770.77
91 1768.09
92 1765.82
93 1765.95
94 1759.17
95 1764.63
96 1758.13
97 1761.8
98 1766.45
99 1768.53
100 1763.22
101 1760.85
102 1762.51
103 1760.28
104 1766.09
105 1763.87
106 1762.28
107 1767.16
108 1767.37
109 1761.86
110 1759.44
111 1763.49
112 1766.59
113 1758.8
114 1756.44
115 1762.44
116 1766.82
117 1762.77
118 1765.76
119 1756.48
120 1759.01
121 1764.22
122 1766.95
123 1766.45
124 1765.26
125 1755.83
126 1762.29
127 1760.28
128 1762.51
129 1758.81
130 1753.08
131 1755.92
132 1753.47
133 1758.06
134 1756.69
135 1760.53
136 1761.54
137 1760.99
138 1759.87
139 1758.81
140 1758.74
141 1765.16
142 1768.62
143 1769.92
144 1768.46
145 1772.63
146 1769.24
147 1773.39
148 1769.21
149 1762.96
150 1762.37
151 1764.55
152 1759.89
153 1765.55
154 1761.68
155 1761.85
156 1766.56
157 1763.81
158 1759.47
159 1756.64
160 1762.61
161 1763.57
162 1767.61
163 1762.91
164 1763.25
165 1765.24
166 1764.63
167 1768.16
168 1769.65
169 1765.05
170 1766.15
171 1761.87
172 1768.34
173 1763.52
174 1766.28
175 1766.4
176 1760.82
177 1766.65
178 1752.96
179 1758.7
180 1765.53
181 1758.46
182 1766.61
183 1759.68
184 1756.98
185 1755.45
186 1755.79
187 1762.77
188 1760.12
189 1762.55
190 1762.55
191 1765.82
192 1762.47
193 1767.04
194 1766.72
195 1763.28
196 1768.67
197 1765.25
198 1762.19
199 1767.04
200 1765.09
201 1766.36
202 1765.69
203 1757.26
204 1763.39
205 1766.35
206 1758.96
207 1767.8
208 1766.33
209 1762.11
210 1765.94
211 1764.95
212 1762.83
213 1758.17
214 1761.22
215 1756.49
216 1763.58
217 1762.65
218 1766.45
219 1761.82
220 1760.98
221 1758.48
222 1759.45
223 1756.32
224 1760.6
225 1758.9
226 1755.44
227 1763.48
228 1761.73
229 1763.37
230 1763.47
231 1761.82
232 1762.84
233 1762.28
234 1757.23
235 1750.95
236 1756.78
237 1749.95
238 1752.3
239 1759.93
240 1761.1
241 1770.79
242 1767.26
243 1763.26
244 1768.13
245 1766.96
246 1768.08
247 1767.56
248 1768.88
249 1766.4
250 1764.27
251 1770.28
252 1768.72
253 1764.49
254 1771.42
255 1765.97
256 1770.11
257 1767.84
258 1768.97
259 1764.39
260 1771.41
261 1759.27
262 1763.87
263 1760.66
264 1769.94
265 1765.77
266 1763.62
267 1764.31
268 1765.96
269 1762.32
270 1760.9
271 1767.2
272 1762.4
273 1771.69
274 1768.99
275 1767.58
276 1764.22
277 1764.18
278 1764.96
279 1766.34
280 1762.35
281 1765.15
282 1766.34
283 1764.32
284 1757.22
285 1764.47
286 1762.79
287 1764.51
288 1760.76
289 1758.54
290 1768.66
291 1761.06
292 1763.61
293 1758.58
294 1763.73
295 1767.13
296 1767.98
297 1764.83
298 1770.19
299 1775.27
300 1768.74
301 1773.4
302 1774.84
303 1768.94
304 1768.61
305 1763.13
306 1761.17
307 1758.38
308 1761.01
309 1757.8
310 1758.98
311 1759.37
312 1767.6
313 1765.77
314 1761.54
315 1764.15
316 1762.83
317 1756.03
318 1760.58
319 1756.74
320 1758.24
321 1760.96
322 1765.24
323 1762.28
324 1759.9
325 1770.86
326 1764.48
327 1769.63
328 1768.49
329 1765.43
330 1761.84
331 1762.31
332 1768.7
333 1766.73
334 1767.72
335 1764.17
336 1760.53
337 1768.37
338 1766.18
339 1760.96
340 1762.18
341 1760.23
342 1766.88
343 1766.73
344 1756.94
345 1759.72
346 1762.32
347 1764.76
348 1765.35
349 1762.8
350 1768.48
351 1765.6
352 1763.59
353 1764.22
354 1761.94
355 1764.47
356 1761.9
357 1767.6
358 1759.31
359 1769.65
360 1769.98
361 1763.68
362 1764.03
363 1764.72
364 1763.52
365 1758.9
366 1764.44
367 1758.91
368 1760.47
369 1765.45
370 1766.07
371 1768.25
372 1766.89
373 1764.17
374 1768.33
375 1765.58
376 1767.59
377 1772.91
378 1773.36
379 1780.39
380 1776.21
381 1774.91
382 1780.76
383 1778.76
384 1773.93
385 1773.84
386 1768.59
387 1771.45
388 1774.66
389 1782.68
390 1777.5
391 1776.72
392 1776.4
393 1777.42
394 1783.89
395 1781.13
396 1790.35
397 1775.05
398 1782.83
399 1787.42
400 1786.9
401 1781.83
402 1787.83
403 1791.36
404 1788.98
405 1789.89
406 1795.26
407 1806.45
408 1828.7
409 1863.35
410 1912.85
411 2005.35
412 2119.8
413 2234.64
414 2327.08
415 2374.9
416 2377.64
417 2355.68
418 2291.03
419 2176.01
420 2062.92
421 1971.15
422 1894.94
423 1854.49
424 1827.59
425 1808.61
426 1798.11
427 1793.64
428 1790.46
429 1787.24
430 1788.67
431 1792.48
432 1785.58
433 1780.31
434 1786.95
435 1776.18
436 1774.86
437 1774.04
438 1776.66
439 1780.07
440 1780.87
441 1774.55
442 1779.28
443 1778.86
444 1768.45
445 1774.66
446 1771.13
447 1771.54
448 1769.37
449 1767
450 1765.63
451 1772.98
452 1779.83
453 1785.46
454 1776.61
455 1781.1
456 1769.97
457 1769.23
458 1772.33
459 1771.28
460 1770.61
461 1761.92
462 1775.2
463 1773.35
464 1774.23
465 1768.13
466 1768.34
467 1764.48
468 1768.3
469 1766.85
470 1767.7
471 1769.22
472 1763.84
473 1764.99
474 1767.37
475 1773.17
476 1763.37
477 1771.41
478 1773.13
479 1768.38
480 1765.73
481 1761.07
482 1767.35
483 1772.54
484 1763.97
485 1770.61
486 1770.33
487 1767.24
488 1767.7
489 1768.28
490 1760.6
491 1767.09
492 1771.23
493 1761.24
494 1763.29
495 1758.66
496 1765.93
497 1764.48
498 1761.93
499 1765.45
500 1762.32
501 1766.03
502 1761.23
503 1765.9
504 1762.1
505 1763.89
506 1766.05
507 1764.98
508 1768.75
509 1770.17
510 1767.77
511 1765.66
512 1769.52
513 1766.62
514 1769.63
515 1766.73
516 1762.63
517 1762.58
518 1754.68
519 1752.89
520 1761.4
521 1757.95
522 1763.8
523 1760.78
524 1759.41
525 1758.76
526 1753.49
527 1765.36
528 1765.34
529 1765.88
530 1762.52
531 1770.54
532 1765.91
533 1767.58
534 1765.81
535 1761.92
536 1767.62
537 1757.59
538 1767.13
539 1759.08
540 1760.05
541 1758.31
542 1766.13
543 1764.55
544 1763.62
545 1761.87
546 1759.79
547 1759.42
548 1753.99
549 1758.89
550 1757.2
551 1761.21
552 1761.08
553 1762.41
554 1761.05
555 1763.49
556 1768.92
557 1762.61
558 1766.4
559 1766.56
560 1767.9
561 1770.53
562 1767.32
563 1765.23
564 1766.77
565 1765.51
566 1764.97
567 1768.97
568 1764.94
569 1770.32
570 1766.27
571 1765.7
572 1763.03
573 1754.88
574 1755.81
575 1758.58
576 1760.61
577 1761.27
578 1757.45
579 1758.32
580 1759.84
581 1755.96
582 1763.94
583 1761.65
584 1762.16
585 1759.87
586 1765.45
587 1763.89
588 1760.97
589 1760.63
590 1763.64
591 1762.6
592 1762.02
593 1765.87
594 1764.78
595 1768.4
596 1765.76
597 1762.22
598 1767.14
599 1765.45
600 1761.7
601 1757.92
602 1754.31
603 1758.03
604 1755.81
605 1759.57
606 1762.35
607 1759.16
608 1766.04
609 1767.26
610 1767.41
611 1759.83
612 1768.74
613 1760.63
614 1761.34
615 1763.65
616 1767.6
617 1768.26
618 1758.99
619 1761.42
620 1769.89
621 1762.3
622 1765.94
623 1755.92
624 1763.88
625 1762.3
626 1772.37
627 1760.6
628 1764.27
629 1759.94
630 1757.4
631 1766.75
632 1764.68
633 1760.32
634 1765.77
635 1759.82
636 1763.97
637 1767.3
638 1767.03
639 1764.48
640 1765.47
641 1762.4
642 1762.26
643 1762.85
644 1762.27
645 1761.83
646 1763.18
647 1757.41
648 1765.01
649 1758.84
650 1758.5
651 1763.02
652 1765.28
653 1753.13
654 1762.42
655 1762.36
656 1762.24
657 1767.31
658 1770.51
659 1768.6
660 1762.98
661 1757.96
662 1766.42
663 1761.18
664 1760.05
665 1758.9
666 1767.87
667 1763.88
668 1763.9
669 1763.74
670 1762.48
671 1769.01
672 1765.1
673 1764.7
674 1761.85
675 1763.03
676 1761.68
677 1759.35
678 1761.96
679 1757.86
680 1756.37
681 1756.16
682 1764.04
683 1759.19
684 1760.47
685 1764.82
686 1767.12
687 1769.61
688 1767.3
689 1765.21
690 1760.98
691 1762.54
692 1765.37
693 1759.25
694 1761.14
695 1768.26
696 1765.11
697 1765.27
698 1762.78
699 1764.89
700 1760.72
701 1766.58
702 1760.46
703 1759.36
704 1761.54
705 1763.71
706 1764.39
707 1765.83
708 1761.22
709 1767.61
710 1763.49
711 1760.05
712 1761.7
713 1763.73
714 1763.12
715 1776.28
716 1763.41
717 1768.56
718 1765.2
719 1770.17
720 1771.02
721 1767.42
722 1770.46
723 1771.85
724 1769.9
725 1773.32
726 1765.98
727 1771.26
728 1766.15
729 1759.35
730 1752.22
731 1758.15
732 1758.8
733 1760.95
734 1759.69
735 1756.38
736 1760.07
737 1757.77
738 1760.19
739 1757.93
740 1759.62
741 1762.77
742 1763.61
743 1760.54
744 1759.33
745 1761.31
746 1760.61
747 1764.98
748 1768.55
749 1766.69
750 1766.51
751 1758.38
752 1760.73
753 1758.34
754 1755.62
755 1761.04
756 1752.38
757 1755.16
758 1756.54
759 1756.78
760 1762.6
761 1763.17
762 1762.57
763 1765.05
764 1766.25
765 1763.55
766 1763.16
767 1761.86
768 1764.79
769 1763.41
770 1764.45
771 1767.6
772 1763.22
773 1764.39
774 1767.16
775 1750.02
776 1756.27
777 1758.88
778 1763.33
779 1756
780 1757.56
781 1755.69
782 1758.58
783 1754.97
784 1756.42
785 1753.37
786 1762.72
787 1763.21
788 1757.63
789 1758.47
790 1759.63
791 1762.47
792 1770.58
793 1763.45
794 1766.36
795 1766.79
796 1758.09
797 1767.41
798 1764.06
799 1766.4
800 1765.75
801 1762.62
802 1762.85
803 1765.5
804 1764.88
805 1761.58
806 1767.76
807 1766.37
808 1767.75
809 1767.61
810 1764.64
811 1764.06
812 1772.17
813 1764.98
814 1774.78
815 1768.55
816 1766.7
817 1770.55
818 1773.98
819 1773.67
820 1776.62
821 1767.67
822 1772.51
823 1772.58
824 1766.49
825 1757.59
826 1763.63
827 1757.8
828 1761.17
829 1770.03
830 1765.26
831 1763.77
832 1753.89
833 1761.24
834 1760.98
835 1761.2
836 1758.69
837 1758.53
838 1761.41
839 1764.48
840 1763.64
841 1764.05
842 1764.55
843 1753.4
844 1762.13
845 1765.61
846 1761.29
847 1772.22
848 1765.25
849 1760.42
850 1760.52
851 1759.23
852 1765.01
853 1767.01
854 1764.38
855 1764.67
856 1763.62
857 1760.56
858 1759.12
859 1761.26
860 1760.13
861 1763.78
862 1757.72
863 1757.94
864 1761.62
865 1764.02
866 1763.85
867 1766.99
868 1761.55
869 1760.51
870 1761.28
871 1766.37
872 1770.5
873 1763.07
874 1760.62
875 1765.37
876 1766.89
877 1769.1
878 1760.13
879 1769.78
880 1762.14
881 1761.42
882 1757.86
883 1762.72
884 1761.99
885 1761.61
886 1761.78
887 1764.06
888 1758.88
889 1762.37
890 1758.36
891 1754.26
892 1763.19
893 1762.61
894 1764.76
895 1766.45
896 1768.85
897 1764.11
898 1764.97
899 1765.99
900 1761.83
901 1768.53
902 1759.46
903 1773.67
904 1764.83
905 1761.62
906 1766.03
907 1764.13
908 1757.66
909 1762.33
910 1763.52
911 1755.96
912 1759.42
913 1757.28
914 1758.7
915 1753.31
916 1754.91
917 1760.62
918 1764.48
919 1760.65
920 1763.46
921 1755.7
922 1757.92
923 1761.39
924 1761.5
925 1762.42
926 1767.15
927 1762.51
928 1762.27
929 1767.01
930 1770.65
931 1767.58
932 1760.6
933 1766.42
934 1765.76
935 1768.91
936 1767.08
937 1761.92
938 1763.44
939 1760.46
940 1761.05
941 1760.82
942 1758.24
943 1763.45
944 1761.85
945 1762.41
946 1764.19
947 1768.84
948 1765.86
949 1758.51
950 1765.55
951 1764.68
952 1761.44
953 1760.63
954 1762.78
955 1761.38
956 1763.58
957 1766.42
958 1763.39
959 1761.03
960 1763.53
961 1765.28
962 1769.12
963 1764.91
964 1768.95
965 1767.81
966 1759.83
967 1765.37
968 1764.32
969 1767.45
970 1766.88
971 1765.75
972 1763.53
973 1765.56
974 1765.12
975 1767.44
976 1755.71
977 1767.34
978 1766.65
979 1771.92
980 1764.64
981 1767.88
982 1770.24
983 1761.54
984 1769.03
985 1759.74
986 1761.29
987 1761.16
988 1755.78
989 1757.08
990 1758.35
991 1760
992 1763.47
993 1761.21
994 1764.94
995 1758.39
996 1761.6
997 1759.51
998 1766.32
999 1764.39
1000 1764.75
1001 1772.74
1002 1767.16
1003 1770.76
1004 1773.12
1005 1769.03
1006 1772.78
1007 1764.02
1008 1756.02
1009 1766.65
1010 1755.85
1011 1759.35
1012 1763.79
1013 1761.24
1014 1762.59
1015 1756.74
1016 1757.23
1017 1761.09
1018 1765.34
1019 1760.41
1020 1762.13
1021 1765.33
1022 1765.9
1023 1764.76
