# Box Lineout /Volumes/Netapp/Groups/Groupes_recherches/PHYHDEL/Experiments/14-NS-F06_decaying_shock/SOP/slit_calibration.img
# Horizontal : 127
553 1824.22
554 1859.74
555 1827.17
556 1861.88
557 1826.97
558 1860.31
559 1828.13
560 1861.13
561 1828.21
562 1859.84
563 1825.36
564 1858.44
565 1821.04
566 1851.42
567 1813.8
568 1843.4
569 1806.37
570 1840.89
571 1812.08
572 1847.91
573 1819.69
574 1855.73
575 1824.68
576 1861.34
577 1829.73
578 1865
579 1830.89
580 1865.04
581 1832.03
582 1865.42
583 1831.32
584 1865.92
585 1832.16
586 1866.59
587 1834.01
588 1868.14
589 1833.9
590 1865.9
591 1831.38
592 1864.44
593 1830.26
594 1862.69
595 1831.63
596 1865.94
597 1833.63
598 1867.1
599 1833.07
600 1869.13
601 1836.26
602 1869.87
603 1836.65
604 1869.74
605 1837.04
606 1868.29
607 1832.4
608 1865.03
609 1831.45
610 1869.47
611 1836.23
612 1871.58
613 1837.01
614 1870.95
615 1837.43
616 1872.56
617 1839.06
618 1871.49
619 1836.88
620 1871.38
621 1842.02
622 1874.88
623 1835.67
624 1868.59
625 1835.76
626 1871.44
627 1836.07
628 1869.8
629 1837.37
630 1873.27
631 1839.03
632 1871.33
633 1836.56
634 1870.52
635 1838.19
636 1870.41
637 1836.52
638 1872.42
639 1841.25
640 1874.73
641 1839.02
642 1872.19
643 1837.75
644 1873.14
645 1839.19
646 1873.78
647 1841.49
648 1876.08
649 1841.26
650 1873.29
651 1838.53
652 1869.96
653 1839.49
654 1873.23
655 1839.31
656 1876.34
657 1845.08
658 1881.5
659 1848.9
660 1882.05
661 1847.98
662 1880.44
663 1846.46
664 1876
665 1843.52
666 1876.96
667 1846.2
668 1880.3
669 1848.75
670 1883.68
671 1850.19
672 1884.04
673 1850
674 1883.83
675 1852.11
676 1884.1
677 1849.52
678 1884.57
679 1853.21


# Vertical : 1024
0 1773.77
1 1773.35
2 1771.52
3 1767
4 1754.17
5 1760.13
6 1764.68
7 1760.78
8 1758.83
9 1744.18
10 1763.65
11 1760.37
12 1748.83
13 1759.55
14 1759.02
15 1743.69
16 1752.39
17 1751.72
18 1751.39
19 1757.54
20 1751.83
21 1757.8
22 1758.61
23 1751.39
24 1750.81
25 1749.51
26 1753.42
27 1742.82
28 1756.9
29 1758.24
30 1762.54
31 1756.23
32 1756.46
33 1761.8
34 1755.39
35 1763.45
36 1764.19
37 1759.18
38 1745.46
39 1745.43
40 1751.66
41 1755.9
42 1746.55
43 1766.28
44 1765.77
45 1751.41
46 1752
47 1758.13
48 1751.98
49 1765.68
50 1776.34
51 1757.5
52 1755.37
53 1754.75
54 1746.83
55 1757.96
56 1767.15
57 1742.2
58 1761.6
59 1765.35
60 1758.51
61 1756.01
62 1753.92
63 1737.65
64 1753.85
65 1750.05
66 1752.22
67 1761.79
68 1754.96
69 1761.25
70 1756.17
71 1760.12
72 1753.31
73 1759.01
74 1769.77
75 1752.17
76 1757.15
77 1766.13
78 1755.76
79 1754.86
80 1745.51
81 1752.28
82 1763.97
83 1765.17
84 1740
85 1754.87
86 1775.73
87 1763.98
88 1754.12
89 1770.16
90 1756.63
91 1766.59
92 1773.46
93 1765.23
94 1766.13
95 1760.48
96 1766.87
97 1762.81
98 1761.39
99 1746.24
100 1768.54
101 1767.84
102 1752.36
103 1744.19
104 1760.14
105 1765.27
106 1745.19
107 1762.46
108 1766.57
109 1758.52
110 1752.6
111 1748.95
112 1742.24
113 1749.12
114 1749.98
115 1737
116 1743.75
117 1748.96
118 1758.54
119 1754.97
120 1738.69
121 1746.24
122 1752.27
123 1744.12
124 1762.25
125 1752.47
126 1742.39
127 1731.2
128 1763.84
129 1749.46
130 1762.09
131 1752.58
132 1769.03
133 1760.6
134 1752.97
135 1751.34
136 1760.74
137 1758.2
138 1763.76
139 1758.64
140 1763.07
141 1763.39
142 1754.31
143 1763.36
144 1749.2
145 1740.06
146 1762.42
147 1766.69
148 1755.55
149 1763.5
150 1758.29
151 1741.79
152 1745.07
153 1758.43
154 1746.46
155 1750.39
156 1769.09
157 1751.02
158 1765.46
159 1760.23
160 1756.5
161 1760.5
162 1760.6
163 1741.6
164 1734.75
165 1763.1
166 1762.52
167 1745.09
168 1757.29
169 1751.98
170 1746.73
171 1734.87
172 1753.65
173 1751.87
174 1749.81
175 1758.75
176 1738.2
177 1737.11
178 1747.27
179 1753.5
180 1737.65
181 1762.37
182 1747.37
183 1759.79
184 1742.43
185 1744.91
186 1734.35
187 1736.49
188 1746.65
189 1739.06
190 1755.11
191 1763.84
192 1765.66
193 1759.23
194 1754.46
195 1749.61
196 1754.35
197 1763.98
198 1747.06
199 1747.48
200 1763.91
201 1758.18
202 1755.06
203 1748.91
204 1774.36
205 1754.54
206 1762.8
207 1764.83
208 1745.5
209 1750.8
210 1755.37
211 1761.52
212 1757.15
213 1758.76
214 1757.18
215 1746.83
216 1764.91
217 1748.22
218 1755.9
219 1770.54
220 1752.24
221 1749.71
222 1745.43
223 1768.35
224 1750.86
225 1734.65
226 1750.71
227 1761.36
228 1766.64
229 1764.27
230 1747.02
231 1768.62
232 1749.63
233 1753.61
234 1763.83
235 1750.25
236 1752.55
237 1749.94
238 1756.91
239 1753.08
240 1750.36
241 1754.5
242 1761.03
243 1759.34
244 1755.31
245 1766.42
246 1775.06
247 1766.66
248 1763.04
249 1768.31
250 1750.93
251 1754.2
252 1766.83
253 1749.13
254 1748.29
255 1762.7
256 1762.87
257 1765.35
258 1757.11
259 1766.43
260 1770.02
261 1767.65
262 1757.01
263 1755.61
264 1769.06
265 1770.46
266 1760.86
267 1761.12
268 1757.56
269 1758.79
270 1743.23
271 1746.7
272 1750.42
273 1752.67
274 1761.43
275 1763.48
276 1755.88
277 1764.35
278 1748.38
279 1752.36
280 1749.25
281 1762.72
282 1770.09
283 1772.22
284 1788.31
285 1757.37
286 1761.18
287 1761.21
288 1762.28
289 1759.87
290 1763.98
291 1770.35
292 1760.5
293 1765.28
294 1774.25
295 1770.8
296 1759.64
297 1759.89
298 1752
299 1761.83
300 1766.75
301 1738.31
302 1761.97
303 1764.12
304 1764.39
305 1758.65
306 1773.58
307 1779.17
308 1750.44
309 1762.39
310 1776.16
311 1773.69
312 1796.4
313 1773.6
314 1762.17
315 1766.54
316 1761.66
317 1772.96
318 1777.09
319 1770.8
320 1772.82
321 1773.05
322 1758.26
323 1772.39
324 1763.41
325 1761.79
326 1785.81
327 1775.09
328 1770.68
329 1775.39
330 1764.63
331 1766.68
332 1775.92
333 1781.15
334 1758.8
335 1779.91
336 1766.25
337 1768.7
338 1763.66
339 1754.24
340 1768.85
341 1791.18
342 1763.27
343 1779.96
344 1784.5
345 1779.98
346 1776.31
347 1770.65
348 1786.44
349 1775.76
350 1790.91
351 1795.84
352 1786.51
353 1786.88
354 1796.55
355 1790.98
356 1796
357 1798.95
358 1790.28
359 1797.11
360 1802.47
361 1800.91
362 1807.68
363 1804.01
364 1807.61
365 1805.17
366 1816.85
367 1820.61
368 1819.78
369 1812.4
370 1807.94
371 1805.01
372 1820.88
373 1831.59
374 1812.2
375 1825.67
376 1837.02
377 1819.97
378 1840.69
379 1839.54
380 1859.03
381 1850.42
382 1862.02
383 1861.44
384 1876.79
385 1865.8
386 1875.17
387 1882.65
388 1888.76
389 1889.85
390 1912.92
391 1900.79
392 1916.28
393 1938.69
394 1954.92
395 1960.46
396 1972.28
397 1983.69
398 1988.4
399 2005.68
400 2040.94
401 2039.13
402 2073.06
403 2107.46
404 2142.62
405 2164.6
406 2230.41
407 2322.17
408 2526.56
409 3006.27
410 3830.99
411 5105.24
412 6804.28
413 8602.89
414 10170.6
415 11124.5
416 11240.6
417 10543.5
418 9180.24
419 7472.91
420 5768.5
421 4408.48
422 3461.02
423 2848.38
424 2513.35
425 2333.09
426 2219.72
427 2171.25
428 2116.8
429 2097.98
430 2076.8
431 2052.83
432 2024.91
433 2003.22
434 2004.94
435 1977.48
436 1978.97
437 1958.58
438 1942.19
439 1964.8
440 1934.31
441 1924.78
442 1910.3
443 1905.31
444 1901.37
445 1900.54
446 1895
447 1890.3
448 1885.36
449 1884.49
450 1884.63
451 1889.5
452 1874.84
453 1876.12
454 1884.63
455 1864.44
456 1853.1
457 1846.99
458 1845.61
459 1848.19
460 1862.88
461 1847.59
462 1825.85
463 1846.18
464 1833.87
465 1828.75
466 1817.3
467 1807.74
468 1823.12
469 1818.77
470 1814.59
471 1806.05
472 1806
473 1807.54
474 1804.45
475 1805.28
476 1803.05
477 1812.8
478 1812.25
479 1799.32
480 1787
481 1783.79
482 1800.3
483 1790.39
484 1793.13
485 1778.41
486 1782.8
487 1773.22
488 1776.48
489 1764.38
490 1779.17
491 1777.51
492 1784.2
493 1771.3
494 1777.46
495 1787.26
496 1779.05
497 1759.18
498 1788.41
499 1777.17
500 1769.1
501 1769.46
502 1765.23
503 1765.54
504 1765.79
505 1771.49
506 1781.12
507 1770.54
508 1778.06
509 1770.07
510 1787.14
511 1766.82
512 1753.39
513 1765.05
514 1755.81
515 1750.54
516 1753.52
517 1758.68
518 1768.44
519 1768.01
520 1763.02
521 1755.46
522 1761.65
523 1739.46
524 1762.06
525 1770.65
526 1768.22
527 1764.17
528 1758.54
529 1773.34
530 1763.22
531 1769.35
532 1776.81
533 1769.41
534 1761.01
535 1757.23
536 1761.57
537 1760.56
538 1765.64
539 1766.5
540 1753.48
541 1753.83
542 1756.84
543 1776.57
544 1765.04
545 1757.31
546 1753.64
547 1748.49
548 1760.72
549 1758.31
550 1762.24
551 1768.24
552 1754.38
553 1752.96
554 1764.2
555 1764.39
556 1770.12
557 1757.62
558 1761.41
559 1771.27
560 1771.78
561 1763.35
562 1768.36
563 1772.09
564 1767.46
565 1764.63
566 1757.94
567 1774.6
568 1759.16
569 1757.24
570 1761.38
571 1754.35
572 1771.44
573 1775.79
574 1763.59
575 1776.76
576 1749.4
577 1753.33
578 1760
579 1760.64
580 1757.65
581 1745.32
582 1755.48
583 1753.8
584 1766.96
585 1770.79
586 1748.52
587 1753.77
588 1757.7
589 1765.88
590 1777.55
591 1778.37
592 1768.33
593 1778.58
594 1763.7
595 1767.4
596 1768.98
597 1780.87
598 1767.89
599 1769.66
600 1764.91
601 1765.92
602 1768.05
603 1773.44
604 1768.81
605 1764.32
606 1769.55
607 1780.48
608 1769.52
609 1755.72
610 1749.91
611 1760.7
612 1765.47
613 1768.14
614 1764.06
615 1768.2
616 1764.43
617 1759.37
618 1772.46
619 1763.36
620 1755.69
621 1763.17
622 1762.53
623 1752.91
624 1762.35
625 1767.37
626 1745.45
627 1753.65
628 1751.46
629 1745.46
630 1749.24
631 1746.18
632 1748.8
633 1752.16
634 1743.24
635 1763.19
636 1747.68
637 1755.85
638 1756.51
639 1770.98
640 1753.84
641 1749.02
642 1751.35
643 1743.35
644 1745.61
645 1767.42
646 1763.37
647 1764.39
648 1760.38
649 1760.8
650 1748.46
651 1761
652 1746.95
653 1751.63
654 1772.3
655 1768.18
656 1772.9
657 1763.59
658 1757.32
659 1758.16
660 1760.32
661 1766.53
662 1760.23
663 1769.69
664 1760.28
665 1764.69
666 1769.57
667 1756.79
668 1768.97
669 1771.35
670 1767.12
671 1766.58
672 1754.02
673 1754.85
674 1765.91
675 1772.61
676 1755.09
677 1757.78
678 1779.49
679 1769.88
680 1772.19
681 1772.49
682 1769.87
683 1772.97
684 1760.4
685 1755.46
686 1776.35
687 1763.63
688 1756.28
689 1759.25
690 1756.24
691 1764.09
692 1768.09
693 1762.11
694 1768.72
695 1760.2
696 1755.13
697 1759.56
698 1767.76
699 1768.49
700 1763.35
701 1759.42
702 1764.5
703 1761.17
704 1764.07
705 1755.76
706 1756.22
707 1761.51
708 1762.28
709 1754.72
710 1756.75
711 1749.9
712 1758.39
713 1754.15
714 1757.61
715 1770.27
716 1754.78
717 1771.38
718 1782.97
719 1757.7
720 1768.87
721 1765.17
722 1780.48
723 1755.17
724 1760.25
725 1768.49
726 1773.31
727 1764.86
728 1757.57
729 1760.8
730 1787.91
731 1760.13
732 1776.4
733 1778.57
734 1767.35
735 1764.43
736 1769.09
737 1769.19
738 1777.54
739 1765.87
740 1764.97
741 1768.36
742 1756.76
743 1768.46
744 1739.79
745 1750.17
746 1763.76
747 1763.48
748 1764.09
749 1775.66
750 1764.01
751 1767.46
752 1769.98
753 1766.19
754 1748.84
755 1749.77
756 1761.94
757 1747.84
758 1766.76
759 1755.89
760 1767.8
761 1753.83
762 1756.19
763 1753.12
764 1746.24
765 1763.13
766 1759.02
767 1763.16
768 1760.02
769 1765.5
770 1763.61
771 1765.05
772 1768.66
773 1768.94
774 1758.84
775 1746.15
776 1747.6
777 1755.28
778 1771.89
779 1771.74
780 1766.29
781 1756.95
782 1772.21
783 1768.47
784 1758.91
785 1766.71
786 1752.18
787 1765.31
788 1763.69
789 1759.8
790 1756.2
791 1758.28
792 1756.18
793 1762.63
794 1759.33
795 1754.68
796 1757.77
797 1774.96
798 1764.38
799 1768.08
800 1765.72
801 1766.77
802 1760.96
803 1765.17
804 1751.11
805 1752.75
806 1770.33
807 1747.1
808 1762.75
809 1754.3
810 1749.31
811 1750.5
812 1742.01
813 1752.02
814 1749.98
815 1747.93
816 1761
817 1749.57
818 1749.32
819 1753.14
820 1769.22
821 1770.09
822 1764.98
823 1764.59
824 1750.65
825 1756.71
826 1759.96
827 1750.1
828 1758.16
829 1766.2
830 1759.81
831 1761.59
832 1755.5
833 1744.7
834 1771.49
835 1764.58
836 1765.01
837 1775.35
838 1757.36
839 1766.93
840 1763.9
841 1758.39
842 1758.46
843 1770.4
844 1765.7
845 1758.36
846 1746.67
847 1758.3
848 1759.19
849 1766.5
850 1764.15
851 1758.58
852 1763.17
853 1749.86
854 1752.07
855 1755.94
856 1769.54
857 1760.74
858 1748.13
859 1752.2
860 1760.61
861 1748.51
862 1745
863 1755.82
864 1760.1
865 1757.94
866 1747.54
867 1751.06
868 1768.23
869 1763.69
870 1755
871 1773.09
872 1757.41
873 1755.16
874 1760.46
875 1759
876 1756.85
877 1744.16
878 1755.41
879 1757.74
880 1767.14
881 1756.35
882 1756.09
883 1738.61
884 1755.54
885 1754.13
886 1755.04
887 1749.13
888 1759.73
889 1747.11
890 1753.79
891 1756.36
892 1753.98
893 1749.77
894 1753.09
895 1757.95
896 1756.8
897 1737.04
898 1750.66
899 1760.2
900 1767.13
901 1764.05
902 1757.91
903 1766.59
904 1753.42
905 1764.98
906 1756.62
907 1766.25
908 1750.17
909 1755.28
910 1751.54
911 1754.76
912 1757.79
913 1752.66
914 1750.68
915 1749.66
916 1743.03
917 1763.37
918 1759.54
919 1749.03
920 1754.14
921 1753.07
922 1760.23
923 1746.63
924 1759.06
925 1759.25
926 1758.98
927 1738.16
928 1747.34
929 1752.17
930 1747.88
931 1765.98
932 1753.29
933 1758.09
934 1759.5
935 1752.72
936 1755.91
937 1768.45
938 1756.94
939 1747.68
940 1766.73
941 1762.61
942 1762.32
943 1753.31
944 1763.55
945 1767.35
946 1759.37
947 1764.38
948 1761.15
949 1745.05
950 1763.03
951 1749.81
952 1759.46
953 1750.94
954 1756.13
955 1756.31
956 1744.72
957 1761.79
958 1750.91
959 1757.94
960 1749.06
961 1747.38
962 1755.44
963 1758.16
964 1744.65
965 1753.39
966 1763.6
967 1770.65
968 1755.96
969 1762.43
970 1757.51
971 1767.73
972 1749.94
973 1749.72
974 1741.5
975 1742.69
976 1750.21
977 1767.14
978 1766.32
979 1746.17
980 1755.78
981 1761.09
982 1766.52
983 1754.71
984 1760.74
985 1757.91
986 1766.53
987 1768.87
988 1748.2
989 1744.83
990 1765.41
991 1764.89
992 1754.66
993 1750.32
994 1751.9
995 1747.1
996 1753.87
997 1764.49
998 1766.05
999 1741.61
1000 1765.1
1001 1756.44
1002 1766.24
1003 1751.19
1004 1766.63
1005 1754.65
1006 1771.24
1007 1756.24
1008 1762.43
1009 1764.93
1010 1759.43
1011 1756.51
1012 1762.83
1013 1756.43
1014 1748.25
1015 1765.64
1016 1755.35
1017 1754.76
1018 1757.81
1019 1753.68
1020 1752.01
1021 1757.33
1022 1761.15
1023 1763.01
